Num	Station	Date	Time	Lon	Lat	Bottle	Depth	MLD	Label	Chla	sample	C2	C3	Chlphyllide_a	Peridinin	19_But	Fucoxanthin	Neox	Pras	19_Hex	Diadino_diatox	Diatox	Violaxanthin	Alloxanthin	Zeaxanthin	Lutein	Chl_b	Div_a	Chl_a	alpha-beta-Carotene
1	Stn1	23/02/2022	16:33	-71.72918	-33.6076	14	30	7	lower	0.58	1_1_20014_SO289	52.36364694	47.15948629	11.83820421	7.091071618	15.56235389	145.7354396	4.482024699	12.73137725	30.94940905	11.86978528	0	2.343921017	0	7.102487834	0	45.19459543	0	317.049476	10.72049945
2	Stn1	23/02/2022	16:33	-71.72918	-33.6076	18	15	7	lower	1.39	1_2_20018_SO289	115.7691933	47.02005638	57.68608335	7.718970521	9.113958709	330.8631475	3.04542022	8.528466124	20.98443748	41.23023301	0	3.846788022	0	11.75903472	0	29.21154325	0	653.746255	20.658195
3	Stn1	23/02/2022	16:33	-71.72918	-33.6076	22	5	7	upper	4.47	1_3_20022_SO289	367.7560562	48.51088389	145.3175513	13.83889183	7.622377415	526.9413818	5.827991671	13.6653575	35.57746757	125.1002797	0	10.68207534	0	34.45150264	0	43.19877571	0	2712.185909	110.6767298
4	Stn2	23/02/2022	21:57	-71.82526	-33.0901	3	150	5	lower	0.07	1_4_20026_SO289	1.421536969	0	0	0	0.907425883	4.599752855	0	0	0	0	0	0	0	0	0	0	0	8.462543176	2.14749204
5	Stn2	23/02/2022	21:57	-71.82526	-33.0901	6	100	5	lower	0.07	1_5_20028_SO289	2.33035813	0.282434949	0	0	0.298694353	7.999239894	0	0	0	0	0	0	0	0	0	0	0	20.17004755	1.878729367
6	Stn2	23/02/2022	21:57	-71.82526	-33.0901	8	75	5	lower	0.06	1_6_20030_SO289	88.70723859	14.51143619	39.33926322	1.328355014	0.529331765	294.437359	0	0.361642184	1.405992461	65.89207869	0	0.344694267	0	0	0	4.805362094	0	449.2939736	11.66377815
7	Stn2	23/02/2022	21:57	-71.82526	-33.0901	11	50	5	lower	0.20	1_7_20032_SO289	10.56712833	13.18148934	0	0	1.916937177	36.97084592	0	5.858603388	9.783364208	3.025015826	0	0	0	0	0	13.6573449	0	95.91375422	3.088161397
8	Stn2	23/02/2022	21:57	-71.82526	-33.0901	13	25	5	lower	1.16	1_8_20034_SO289	79.20626299	56.63535759	26.16866194	10.03801047	8.189518591	298.0229632	4.078687794	11.70777263	15.75297387	24.10243291	0	1.516654776	0	8.360179868	0	37.27729404	0	590.3807438	16.93987646
9	Stn2	23/02/2022	21:57	-71.82526	-33.0901	15	5	5	upper	13.62	1_9_20036_SO289	1116.178612	0	1985.568792	14.38307088	12.98753295	3415.396259	5.275102881	10.24076325	52.42594389	588.325454	0	4.832613626	0	42.94671079	0	40.46070898	0	2755.978091	77.08661433
10	Stn3	24/02/2022	08:59	-71.86386	-32.96728	2	150	5	lower	0.02	1_10_20050_SO289	0.375744798	0	0	0	0.291132471	3.756528136	0	0	0	0	0	0	0	0	0	0	0	3.530991209	0.547962732
11	Stn3	24/02/2022	08:59	-71.86386	-32.96728	5	100	5	lower	0.04	1_11_20053_SO289	0.557138838	0	0	0	0	2.40432994	0	0	0	0	0	0	0	0	0	0	0	3.698663976	0
12	Stn3	24/02/2022	08:59	-71.86386	-32.96728	8	75	5	lower	0.10	1_12_20056_SO289	1.227186211	0	0	0	0	3.441268445	0	0	0	0	0	0	0	0	0	0	0	7.772125901	0
13	Stn3	24/02/2022	08:59	-71.86386	-32.96728	11	50	5	lower	0.13	1_13_20059_SO289	5.791652573	8.108385634	0	0	3.964316825	24.0432994	0	2.198155539	7.797399857	0	0	0	0	0	0	13.55837863	0	49.20702553	1.389476928
14	Stn3	24/02/2022	08:59	-71.86386	-32.96728	14	25	5	lower	0.44	1_14_20062_SO289	27.6783243	23.10782652	3.431641382	0	6.822708356	104.6510245	3.308268989	7.103910389	12.27314252	6.761800083	0	1.151278852	0	16.75893925	0	35.99073257	0	224.2425995	8.732177536
15	Stn3	24/02/2022	08:59	-71.86386	-32.96728	17	5	5	upper	10.16	1_15_20065_SO289	643.0955507	99.90689442	544.3081683	11.28543629	14.52448554	2081.847762	2.76444395	0	103.440037	531.0699642	0	3.677887831	0	69.75561246	0	32.18053127	0	3041.115494	90.5586695
16	Stn5	25/02/2022	07:08	-71.99836	-32.49946	2	150	25	lower	0.01	1_16_20120_SO289	1.080034924	0.686424181	0	0	0.484905706	1.219257363	0	0	2.243729636	0	0	0	0	0	0	0	0	7.693221069	0
17	Stn5	25/02/2022	07:08	-71.99836	-32.49946	5	100	25	lower	0.03	1_17_20123_SO289	1.481230416	1.370167017	0	0	2.370650119	0.877409504	0	0	4.004149363	0	0	0	0	0	0	2.292718527	0	12.834364	0
18	Stn5	25/02/2022	07:08	-71.99836	-32.49946	8	60	25	lower	0.44	1_18_20126_SO289	32.93551229	51.70972783	0	4.596219974	26.66981383	52.88671248	2.952516776	3.155721149	70.1473072	8.197548655	0	0.415356592	0	7.754481557	0	57.44991821	22.42031315	207.4062811	8.332947546
19	Stn5	25/02/2022	07:08	-71.99836	-32.49946	11	40	25	lower	1.33	1_19_20129_SO289	90.08296431	107.6318478	0	13.13983106	73.75103862	66.73724822	13.24893752	12.092214	224.4051842	18.73974626	0	6.724985152	0	88.05580314	0	232.6284587	176.2278409	486.1745849	44.74115707
20	Stn5	25/02/2022	07:08	-71.99836	-32.49946	14	20	25	upper	0.60	1_20_20132_SO289	22.25871461	20.22538123	0	4.998075272	18.98221518	6.779982531	1.808218256	0.25236335	78.14388932	16.06363652	0	2.659316271	0	169.2116609	0	31.2650933	111.6836105	148.5309479	21.77173355
21	Stn5	25/02/2022	07:08	-71.99836	-32.49946	17	5	25	upper	0.60	1_21_20135_SO289	32.64815082	24.0355717	0	4.479012179	19.30264995	62.77466179	1.187351336	0.872658315	75.70097742	20.39356114	0	2.247406622	0	152.2405343	0	33.09596925	103.9414873	153.4649657	19.56031252
22	Stn6	25/02/2022	22:40	-72.80002	-32.49996	2	100	16	lower	0.04	1_22_20161_SO289	1.971271969	2.772510167	0	0	3.337625825	1.370240167	0	0	4.833099085	0	0	0	0	0	0	3.100943044	0	14.61712003	0
23	Stn6	25/02/2022	22:40	-72.80002	-32.49996	4	75	16	lower	0.11	1_23_20163_SO289	7.349235072	14.86805501	0	3.633441655	11.53848724	7.500711767	0	0.95756561	28.84920781	2.065524071	0	0.156835892	0	0	0	11.50482858	0	52.67637234	1.395347957
24	Stn6	25/02/2022	22:40	-72.80002	-32.49996	6	50	16	lower	0.90	1_24_20165_SO289	49.20683535	74.23302126	0	7.526414857	38.40963619	53.47640003	6.50777297	6.669939768	130.6225579	9.45186606	0	2.957476812	0	31.29184075	0	126.3221931	88.24328756	284.5382196	25.07516602
25	Stn6	25/02/2022	22:40	-72.80002	-32.49996	8	35	16	lower	1.16	1_25_20167_SO289	70.68953515	76.64623127	0	13.45378051	52.68741531	39.62301556	9.258621293	6.818527535	191.6748514	14.47436927	0	5.459957192	0	114.4461171	0	157.9089268	164.4206054	384.5131069	36.59412545
26	Stn6	25/02/2022	22:40	-72.80002	-32.49996	10	20	16	lower	0.98	1_26_20169_SO289	47.78391016	45.00904803	0	7.945014127	32.79210284	19.29731163	3.040888345	2.617974944	139.1961828	15.59784689	0	3.269425124	0	192.9342017	0	65.34247803	171.5158932	248.4170673	31.82684968
27	Stn6	25/02/2022	22:40	-72.80002	-32.49996	12	5	16	upper	0.73	1_27_20171_SO289	20.20137302	17.31880384	0	3.846927283	14.56985683	8.583229986	0	0.389158438	78.30206347	19.87543559	0	2.30945159	0	186.9042243	0	24.09003892	119.3859285	140.9708788	21.22572783
28	Stn7	26/02/2022	10:16	-73.79984	-32.50006	2	100	20	lower	0.04	1_28_20197_SO289	2.364138143	3.850410638	0	1.331145676	3.553139472	1.091064416	0.607271294	0.360856006	8.32757618	0	0	0	0	0	0	2.721572353	0	18.74482903	0
29	Stn7	26/02/2022	10:16	-73.79984	-32.50006	5	75	20	lower	0.12	1_29_20200_SO289	6.909169428	14.03683823	0	2.762755176	15.70697489	5.865539509	1.189617273	0.6226535	27.69219318	2.220787282	0	0	0	0	0	15.86759154	0	56.00516992	1.346422713
30	Stn7	26/02/2022	10:16	-73.79984	-32.50006	8	50	20	lower	0.43	1_30_20203_SO289	25.08235347	42.25262593	0	9.535691349	33.23163725	25.45342181	4.948807857	2.242967722	65.77408482	6.194827681	0	0.73592226	0	12.46118181	0	63.06625388	35.44160909	155.1367618	10.66374617
31	Stn7	26/02/2022	10:16	-73.79984	-32.50006	11	35	20	lower	0.87	1_31_20206_SO289	59.94517744	76.15375767	0	14.96910986	67.54651414	44.41743178	10.09097573	4.974938572	156.6548989	12.73739844	0	5.636900249	0	37.40412116	0	130.0966566	80.70516629	319.6434723	23.1188086
32	Stn7	26/02/2022	10:16	-73.79984	-32.50006	14	20	20	upper	0.78	1_32_20209_SO289	75.27852673	96.12441118	20.3853557	14.88539001	70.28391556	33.52388001	7.459466789	7.522157437	286.6310908	20.12490345	0	5.926443433	0	25.45990479	0	70.02413229	29.27676933	412.6821317	13.22677661
33	Stn7	26/02/2022	10:16	-73.79984	-32.50006	17	5	20	upper	0.65	1_33_20212_SO289	63.01851075	78.81007624	2.231525458	9.035046623	47.06818054	23.60573414	0	4.596314929	286.7662223	31.16987473	0	6.642947917	0	23.01190626	0	41.80335134	29.29667196	382.9567091	11.55418561
34	Stn8	26/02/2022	22:12	-76.6004	-32.50014	2	120	12	lower	0.03	1_34_20239_SO289	1.622828825	2.120943464	0	1.506957369	3.422697001	0.675149521	0	0	5.582961731	0	0	0	0	0	0	2.284471339	0	14.23245898	0
35	Stn8	26/02/2022	22:12	-76.6004	-32.50014	5	90	12	lower	0.12	1_35_20242_SO289	7.706007534	15.21394844	0	2.026020462	20.44543942	4.389896252	0.652590047	0.490575485	26.72264421	2.119604515	0	0	0	0	0	15.29028831	0	56.58955883	1.502983493
36	Stn8	26/02/2022	22:12	-76.6004	-32.50014	8	60	12	lower	1.18	1_36_20245_SO289	71.97502659	89.42551894	0	10.81660511	105.9221219	19.76735243	7.389222721	4.153381871	178.5874049	11.75290174	0	4.556858212	0	75.46152202	0	182.7247183	173.3021543	322.6122666	38.95819323
37	Stn8	26/02/2022	22:12	-76.6004	-32.50014	11	30	12	lower	0.35	1_37_20248_SO289	19.97985818	19.86224023	0	5.453103991	21.14670182	6.211775955	1.729461611	0.395214138	68.2698006	7.596722933	0	0.730379204	0	50.73101327	0	27.08644327	57.95968719	107.0653261	9.063599783
38	Stn8	26/02/2022	22:12	-76.6004	-32.50014	14	20	12	lower	0.21	1_38_20251_SO289	9.514730576	6.634701376	0	3.199858563	9.080373557	3.323264898	0	0	35.53194335	5.473405556	0	0.524009614	0	48.74952668	0	8.705119116	41.28588776	59.40991473	6.045102915
39	Stn8	26/02/2022	22:12	-76.6004	-32.50014	17	5	12	upper	0.22	1_39_20254_SO289	8.939253434	5.703177096	0	1.706290354	11.30321367	4.236019498	0	1.063213048	36.2879959	9.049405651	0	1.420359234	0	52.2060382	0	10.66112806	35.98901041	70.92041401	6.702292463
40	Stn9	27/02/2022	20:45	-79.00128	-32.5	2	150	21	lower	0.02	1_40_20281_SO289	0.863472651	0.868755604	0	0.895802436	1.083239647	0.803342468	0	0	3.913345683	0	0	0	0	0	0	1.245325531	0	7.611850462	0
41	Stn9	27/02/2022	20:45	-79.00128	-32.5	5	100	21	lower	0.17	1_41_20284_SO289	11.74433863	24.56915925	0	1.310215712	33.05582348	5.495204329	0.895045377	0.436329157	41.41526543	3.141899368	0	0.305054426	0	2.741074202	0	29.21979044	7.732171913	91.7268666	3.133172621
42	Stn9	27/02/2022	20:45	-79.00128	-32.5	8	75	21	lower	0.58	1_42_20287_SO289	34.40980161	59.46417599	0	3.985065041	66.98788008	18.35723001	1.543103549	1.992962908	108.0505206	7.178742864	0	2.871303246	0	23.02810966	0	99.88170535	71.10712278	206.5038071	17.78726168
43	Stn9	27/02/2022	20:45	-79.00128	-32.5	11	50	21	lower	0.56	1_43_20290_SO289	43.56511051	43.3305264	6.441516785	6.9864218	71.80858009	17.21203969	3.765988397	1.575502038	105.1067239	9.662954246	0	3.905386047	0	33.25553782	0	60.33643434	45.81585519	190.643936	9.890727312
44	Stn9	27/02/2022	20:45	-79.00128	-32.5	14	25	21	lower	0.21	1_44_20293_SO289	10.8614309	9.162537054	0	2.425483765	4.835283632	4.857495288	0	0	39.13345683	9.009752196	0	0.760297069	0	39.58919113	0	7.436608091	32.25363419	69.7208727	6.463723655
45	Stn9	27/02/2022	20:45	-79.00128	-32.5	17	5	21	upper	0.18	1_45_20296_SO289	6.572757522	4.851445902	0	1.389749573	4.779109649	4.80106326	0	0	24.05028215	12.51409854	0	0.921482674	0	40.36445558	0	4.057616962	30.1126798	57.04819316	5.996277896
46	Stn10	28/02/2022	16:54	-81.99926	-32.49812	2	100	32	lower	0.26	1_46_20323_SO289	14.19871105	26.91801699	0	1.636723142	36.80746237	4.583610039	2.465340178	0.483499877	35.8264454	2.691810508	0	0.330906496	0	8.246370313	0	49.73054936	30.96351725	87.87285873	8.552132638
47	Stn10	28/02/2022	16:54	-81.99926	-32.49812	5	85	32	lower	0.45	1_47_20326_SO289	24.00787143	41.69222494	0	2.570199512	49.6418672	7.745702732	4.051496542	1.115587521	58.52150704	3.865879511	0	0.494636273	0	18.99462186	0	90.90051658	67.49977102	126.8493797	17.3293214
48	Stn10	28/02/2022	16:54	-81.99926	-32.49812	8	55	32	lower	0.95	1_48_20329_SO289	60.06826626	57.39954076	0	3.047402679	55.32178608	12.27233813	6.210935136	1.233514321	148.0129272	9.722268282	0	5.296227415	0	100.0771785	5.070380906	152.111153	159.8678787	243.9860678	32.64096574
49	Stn10	28/02/2022	16:54	-81.99926	-32.49812	11	30	32	upper	0.32	1_49_20332_SO289	13.6193607	8.515949991	0	5.385977262	7.603472709	7.638400488	0.903353815	0.569193351	38.20003406	7.180487394	0	1.6775121	0	76.93011538	0	18.62765077	55.53497304	93.66989807	12.26653716
50	Stn10	28/02/2022	16:54	-81.99926	-32.49812	14	20	32	upper	0.25	1_50_20335_SO289	4.619995149	2.377458751	0	1.786023548	4.529567531	4.550374831	0	0	14.16537404	4.628820834	0	0.661812993	0	35.57802434	0	3.672748145	24.28120909	37.95322394	5.526595554
51	Stn10	28/02/2022	16:54	-81.99926	-32.49812	17	5	32	upper	0.26	1_51_20338_SO289	9.088211611	4.601187086	0	3.387863417	9.656523768	7.212989819	0	0.468562482	24.47598543	8.136490089	0	1.364989298	0	65.91180725	0	9.005930331	41.62303439	69.79132344	9.571082385
52	Stn11	01/03/2022	12:42	-85.00046	-32.5002	2	150	29	lower	0.16	1_52_20365_SO289	7.479727723	14.36664359	0	0.962778319	20.99840207	1.455702132	0	0.186324343	24.93293298	1.556121175	0	0.096514395	0	4.454004457	0	30.55583505	17.64865751	45.07931654	5.452229183
53	Stn11	01/03/2022	12:42	-85.00046	-32.5002	5	100	29	lower	0.48	1_53_20368_SO289	14.93169105	20.12617148	0	1.896254689	28.46481566	3.689108142	0.929034442	0	40.60389061	2.095181089	0	0.12926035	0	19.28782614	0	64.95486015	58.68290575	66.08772792	13.10022331
54	Stn11	01/03/2022	12:42	-85.00046	-32.5002	8	75	29	lower	0.52	1_54_20371_SO289	30.55888017	34.28635156	0	6.450614736	39.5694399	6.634697191	3.725201519	0.332553574	78.41044206	4.322946492	0	0.737645732	0	39.18327957	0.133796892	89.96858423	85.86989888	127.5151392	16.80288577
55	Stn11	01/03/2022	12:42	-85.00046	-32.5002	11	50	29	lower	0.33	1_55_20374_SO289	14.63923944	11.36890049	0	6.139455946	18.36781224	3.327319158	0.96982132	0	42.87105346	3.803076414	0	0.512445477	0	41.0717466	0	23.80688543	46.91049987	72.86861187	8.529953194
56	Stn11	01/03/2022	12:42	-85.00046	-32.5002	14	25	29	upper	0.19	1_56_20377_SO289	10.77998868	8.197763783	0	2.667872675	12.92703789	3.365302254	0.519655038	0	39.02019633	6.182615968	0	0.742241655	0	27.52519457	0.333623418	11.57905328	27.08084577	65.21484322	5.200427261
57	Stn11	01/03/2022	12:42	-85.00046	-32.5002	17	5	29	upper	0.16	1_57_20380_SO289	9.967417419	7.611443128	0	2.539502232	3.380161413	3.39568873	0.673738799	0	36.79013606	6.805994854	0	0.919184712	0	20.31597009	0.600058787	8.917960316	18.29715155	59.95780882	4.073189641
58	Stn12	02/03/2022	07:44	-87.99958	-32.4978	2	105	31	lower	0.39	1_58_20407_SO289	19.95149347	22.71635023	0	2.595315468	30.25414607	4.310131752	2.542382059	0.297175534	53.57710022	3.025015826	0	0.227498216	0	22.94516371	0.034752439	71.28045408	64.06656728	80.17224034	12.84189803
59	Stn12	02/03/2022	07:44	-87.99958	-32.4978	5	70	31	lower	0.44	1_59_20410_SO289	26.62744199	24.70858916	0	10.25986808	6.522123532	6.552083959	3.956327161	0.28774139	70.25275663	6.426850233	0	0.872076496	0	37.43562776	0.535187567	61.04569259	60.20545698	121.1978212	11.31347341
60	Stn12	02/03/2022	07:44	-87.99958	-32.4978	8	50	31	lower	0.32	1_60_20413_SO289	18.79788291	16.63774235	0	7.564088792	4.809357178	4.831449737	2.304458604	0.290099926	63.12027405	7.457867738	0	2.080229902	0	33.29218836	0.701999276	32.80731763	41.56166794	106.9801568	7.317259482
61	Stn12	02/03/2022	07:44	-87.99958	-32.4978	11	35	31	lower	0.14	1_61_20416_SO289	5.76018626	3.703830475	0	2.11532164	1.716547295	1.724432532	0	0	24.38225259	4.935858196	0	0.422824968	0	23.96301979	0	4.805362094	21.72040398	42.80587108	4.441107475
62	Stn12	02/03/2022	07:44	-87.99958	-32.4978	14	20	31	upper	0.12	1_62_20419_SO289	5.647277724	4.225798862	0	1.339517661	1.383824471	1.390181292	0	0	23.15786749	5.231846865	0	0.437761719	0	21.24766526	0	5.385414383	18.50944628	40.58913847	3.387583889
63	Stn12	02/03/2022	07:44	-87.99958	-32.4978	17	5	31	upper	0.12	1_63_20422_SO289	3.607520251	2.170101446	0	1.0883581	1.017073177	1.021745267	0	0	17.7037884	4.112439816	0	0.289543184	0	15.62727361	0	2.386186669	12.67797557	29.03697798	2.562378109
64	Stn13	03/03/2022	08:40	-90.99838	-32.50006	2	100	27	lower	0.40	1_64_20449_SO289	19.13244385	22.69758082	0	4.01436699	3.998345296	4.01671234	3.192706168	0.240570671	54.21858428	3.049439253	0	0.446379076	0	21.78199148	0	76.31948652	62.71318841	91.70467461	11.70096134
65	Stn13	03/03/2022	08:40	-90.99838	-32.50006	5	75	27	lower	0.42	1_65_20452_SO289	25.26143381	28.11925931	0	9.192439948	4.724286002	4.745987772	4.389121254	0.429253549	76.75840092	5.619132628	0	2.15433917	0	28.03958804	2.283235268	66.14245536	52.17474561	127.2784247	10.44260406
66	Stn13	03/03/2022	08:40	-90.99838	-32.50006	8	50	27	lower	0.34	1_66_20455_SO289	26.00690779	20.65439634	0	11.48636394	4.636379119	4.657677075	3.541660568	0.396234046	83.24061199	10.30319693	0	3.038479965	0	36.14514314	1.395310441	38.92673183	39.68086937	135.9332984	7.704747414
67	Stn13	03/03/2022	08:40	-90.99838	-32.50006	11	25	27	upper	0.12	1_67_20458_SO289	6.833742825	5.305486896	0	2.511595614	1.79594706	1.804197032	0.676760049	0	33.32592686	7.334006075	0	0.900801018	0	12.45860984	0.532870737	9.500761668	12.8305624	52.31390327	2.964217445
68	Stn13	03/03/2022	08:40	-90.99838	-32.50006	14	15	27	upper	0.11	1_68_20461_SO289	5.686147876	3.671654341	0	1.858580755	1.909375295	1.918146318	0.6979088	0	32.09568346	7.785257955	0	1.84526331	0	9.467411812	0.718217081	8.016267657	8.657644226	46.41576712	2.163148118
69	Stn13	03/03/2022	08:40	-90.99838	-32.50006	17	5	27	upper	0.11	1_69_20464_SO289	5.136412876	3.342742755	0	1.691141047	1.629585648	1.637071412	0.6858238	0	26.49124129	7.082793688	0	0.985825604	0	7.898511729	0.755286349	6.905646212	7.35733904	41.24750066	2.249256547
70	Stn14	04/03/2022	02:42	-94.00082	-32.49956	2	125	30	lower	0.34	1_70_20491_SO289	21.12453912	23.41349979	0	3.767393421	4.106102119	4.124964162	1.885260136	0	62.25910366	3.305885231	0	0.298160541	0	20.10764073	0.062554391	47.10794327	43.66637111	84.67721306	8.29380735
71	Stn14	04/03/2022	02:42	-94.00082	-32.49956	5	100	30	lower	0.27	1_71_20494_SO289	19.50587495	21.33277649	0	4.784589645	3.839545766	3.857183339	1.756101689	0	57.35863411	4.193851238	0	0.420527006	0	19.04284625	0.130321648	31.14138547	32.81943754	86.56353169	5.706640452
72	Stn14	04/03/2022	02:42	-94.00082	-32.49956	8	75	30	lower	0.16	1_72_20497_SO289	9.103944768	7.8107564	0	2.720895249	1.789330412	1.79754999	0.62993067	0	33.25465085	3.912981833	0	0.287819713	0	17.33377395	0	11.12545789	20.76839483	52.12157274	3.054892231
73	Stn14	04/03/2022	02:42	-94.00082	-32.49956	11	50	30	lower	0.12	1_73_20500_SO289	4.960571715	3.271240236	0	1.741372959	8.060966591	1.283828625	0	0	21.14846993	3.458822402	0	0	0	21.3704767	0	4.112598222	19.07335414	34.74771516	2.990310909
74	Stn14	04/03/2022	02:42	-94.00082	-32.49956	14	25	30	upper	0.08	1_74_20503_SO289	1.9194451	0.897356611	0	0.898593098	3.656170119	0.702687265	0	0	11.89625843	2.747053972	0	0	0	11.4298229	0	1.011655178	9.181746827	20.24895238	1.628232118
75	Stn14	04/03/2022	02:42	-94.00082	-32.49956	17	5	30	upper	0.08	1_75_20506_SO289	2.763482675	1.240568702	0	0.747897361	4.185501884	0.866014575	0	0	13.74748184	3.18900169	0	0	0	13.63657088	0	0.615790108	10.43561254	22.50760318	1.466452645
76	Stn15	04/03/2022	22:38	-97.001	-32.50036	2	150	29	lower	0.32	1_76_20533_SO289	15.17601772	19.87948779	0	1.854394762	29.46581983	2.831639763	0.439591907	0	33.78189803	1.775932013	0	0.184411433	0	14.05451558	0	70.0681173	51.2841029	58.19477899	10.94751258
77	Stn15	04/03/2022	22:38	-97.001	-32.50036	5	100	29	lower	0.35	1_77_20536_SO289	19.34067681	22.73511964	0	4.093900851	28.53854401	4.444022163	2.45401049	0	56.02294127	3.421024242	0	0.422250477	0	26.3015811	0.161598843	57.12827784	51.2841029	89.11560983	8.734134546
78	Stn15	04/03/2022	22:38	-97.001	-32.50036	8	70	29	lower	0.29	1_78_20539_SO289	21.0245873	18.23850499	0	8.296637513	24.22259966	5.270154489	2.723657072	0	70.75364145	8.431315738	0	2.731702067	0	32.67491619	1.115553304	33.5825534	33.74490985	114.6733779	5.921911525
79	Stn15	04/03/2022	22:38	-97.001	-32.50036	11	35	29	lower	0.15	1_79_20542_SO289	6.291411663	4.38667953	0	2.151600243	7.934305062	1.734877883	0	0	25.95227751	6.210528456	0	0.415356592	0	31.61783761	0	5.830762586	22.22626251	40.38201329	3.618511041
80	Stn15	04/03/2022	22:38	-97.001	-32.50036	14	20	29	upper	0.10	1_80_20545_SO289	3.88423871	2.507057066	0	1.280913763	4.979499531	1.791852526	0	0	20.98736663	7.002545287	0	0.625620095	0	12.84890588	0.316247198	5.113257148	10.42400267	34.74524939	1.970708825
81	Stn15	04/03/2022	22:38	-97.001	-32.50036	17	5	29	upper	0.10	1_81_20548_SO289	4.031389998	2.622354878	0	1.32277369	4.900099767	1.837432241	0	0	22.57496645	7.902723007	0	0.589427197	0	12.75245711	0.330148174	5.047279636	10.2797086	36.58718405	2.01180603
82	Stn16	05/03/2022	17:17	-100.0004	-32.50012	2	200	26	lower	0.15	2_1_20575_SO289	0.757967954	0.44510318	0	0.556737028	2.413185707	0.586838824	0	0	8.011227877	5.913488877	0.911920033	0.227498216	0	8.120986904	0	0.948426729	5.682200981	17.75358708	1.491241435
83	Stn16	05/03/2022	17:17	-100.0004	-32.50012	5	150	26	lower	0.31	2_2_20578_SO289	1.209139355	0.54163158	0	0.962778319	2.875405766	1.051182166	0.210732203	0	8.90461892	5.20073609	0.354430458	0.33607691	0	9.913005155	0	1.220583964	6.652454213	19.94319616	1.804362996
84	Stn16	05/03/2022	17:17	-100.0004	-32.50012	8	100	26	lower	0.24	2_3_20581_SO289	3.094341703	1.716060452	0	1.766488915	5.155313296	1.734877883	0.208466265	0	15.34289273	4.132206625	0.116297494	0.363652452	0	14.65635594	0	2.573122952	10.65785858	31.98604606	2.710458514
85	Stn16	05/03/2022	17:17	-100.0004	-32.50012	11	60	26	lower	0.09	2_4_20584_SO289	16.01727886	19.89825721	0	1.670211083	30.39309566	3.617889838	0.804407871	0	41.65252666	1.843968702	0	0.430867834	0	14.92641251	0	68.52589297	55.23477503	75.34178518	13.57381968
86	Stn16	05/03/2022	17:17	-100.0004	-32.50012	14	30	26	lower	0.06	2_5_20587_SO289	10.16732106	8.132517734	0	2.771127161	15.77219612	2.344506564	0.541559102	0	32.63952915	2.711000343	0	0.386057579	0	22.66353329	0	18.07783817	38.66583522	55.38379437	6.779081798
87	Stn16	05/03/2022	17:17	-100.0004	-32.50012	17	5	26	upper	0.05	2_6_20590_SO289	6.824488027	12.52455995	0	0.632084896	17.5445123	1.028392308	0.355752213	0	21.25391937	1.559610236	0	0	0	4.565885036	0	32.37021662	19.20603834	38.72501182	6.52467053
88	Stn17	06/03/2022	18:52	-102.99882	-31.42734	2	225	22	lower	0.10	2_7_20617_SO289	4.427032611	8.073528156	0	0.339065408	12.74082653	0.811888664	0.251519081	0	16.81332651	0.847841806	0	0	0	2.463301728	0	20.08190509	11.15044868	29.323008	3.726146577
89	Stn17	06/03/2022	18:52	-102.99882	-31.42734	5	150	22	lower	0.35	2_8_20620_SO289	15.94925609	17.94623844	0	2.574385505	26.8966703	3.182033818	0.917704754	0	39.49081325	2.0271444	0	0.368822866	0	17.12544459	0	65.42494992	54.41876719	69.71241861	12.38982877
90	Stn17	06/03/2022	18:52	-102.99882	-31.42734	8	110	22	lower	0.29	2_9_20623_SO289	13.69756374	11.23483327	0	3.478559926	17.32332724	2.660715834	0.693376925	0	38.92255796	4.010675539	0	0.375716751	0	35.48736249	0	33.00525017	46.71644922	64.85977148	10.01793295
91	Stn17	06/03/2022	18:52	-102.99882	-31.42734	11	60	22	lower	0.07	2_10_20626_SO289	2.78615693	1.748236585	0	1.419051522	4.985170943	1.766213937	0.262848769	0	12.6685779	3.541396844	0	0.380887165	0	12.08117363	0	2.90301051	7.513242978	28.25039545	2.039204167
92	Stn17	06/03/2022	18:52	-102.99882	-31.42734	14	30	22	lower	0.05	2_11_20629_SO289	1.32713803	0.584533091	0	0.686502801	2.600342295	1.051182166	0.1744772	0	8.157685425	4.467404841	0.37473637	0.360205509	0	7.793061067	0	1.245325531	4.711947749	19.69908433	1.510811532
93	Stn17	06/03/2022	18:52	-102.99882	-31.42734	17	5	22	upper	0.04	2_12_20632_SO289	0.968977348	0.375388224	0	0.397669306	2.084243824	0.883106968	0	0	5.940318148	4.559867993	0.533491679	0.298160541	0	6.971317499	0	0.898943595	4.000428712	15.37164748	1.457972269
94	Stn18	07/03/2022	13:18	-106.0001	-31.43058	2	225	30	lower	0.11	2_13_20659_SO289	4.774087535	5.601328568	0	0.971150304	9.664085651	0.957174004	0.183540951	0	16.54970293	1.526464157	0	0.172347134	0	8.848210672	0	17.96237753	17.26553188	30.61014306	4.634199105
95	Stn18	07/03/2022	13:18	-106.0001	-31.43058	4	150	30	lower	0.37	2_14_20661_SO289	18.14264321	21.74034085	0	2.817173081	28.23795919	3.954040233	0.822535372	0	44.16866733	2.351627067	0	0.384334108	0	24.76225864	0	70.34027454	68.32075452	72.84888566	14.17462167
96	Stn18	07/03/2022	13:18	-106.0001	-31.43058	6	110	30	lower	0.20	2_15_20663_SO289	8.643055829	6.759669373	0	2.436247746	12.30412783	2.324565439	0.276444395	0	25.97863987	2.049823296	0	0.351588153	0	24.26458296	0	13.8057943	32.11786982	45.29383905	5.256528207
97	Stn18	07/03/2022	13:18	-106.0001	-31.43058	8	60	30	lower	0.06	2_16_20665_SO289	2.247527688	1.040361649	0	1.310215712	3.989838178	1.199316238	0	0	10.63867629	2.220787282	0	0.303330955	0	10.60550736	0	2.317460094	6.338987784	25.83886653	1.681071381
98	Stn18	07/03/2022	13:18	-106.0001	-31.43058	10	30	30	upper	0.05	2_17_20667_SO289	1.184151401	0.664973425	0	0.807896589	2.339457354	0.774855146	0	0	7.003599946	1.693939082	0	0.205093089	0	6.492931573	0	1.030898618	4.697020776	17.37632336	1.442316191
99	Stn18	07/03/2022	13:18	-106.0001	-31.43058	12	5	30	upper	0.04	2_18_20669_SO289	1.053658749	0.249365034	0	0.816268575	1.888580118	0.518469252	0	0	6.722401454	1.91200539	0	0.286096242	0	6.693545026	0	0.701011061	4.348724744	16.76974247	1.387519918
100	Stn19	08/03/2022	03:26	-107.99994	-31.42986	2	225	28	lower	0.07	2_19_20695_SO289	3.222057915	8.030626645	0	0	7.823712532	0.501376859	0	0	20.62708106	0.718746552	0	0	0	0.916263368	0	13.09653605	6.075277931	27.82874775	2.315142543
101	Stn19	08/03/2022	03:26	-107.99994	-31.42986	5	150	28	lower	0.41	2_20_20698_SO289	16.4365212	16.47954302	0	2.067880389	25.95521595	3.481150695	0.79534412	0	40.05028108	2.030633461	0	0.358482038	0	23.7341147	0	73.07834127	67.12162104	68.42528355	14.5816797
102	Stn19	08/03/2022	03:26	-107.99994	-31.42986	8	100	28	lower	0.14	2_21_20701_SO289	5.390457081	3.912081561	0	1.774860901	8.18384718	1.914348009	0.283242208	0	18.66454992	2.25218883	0	0.315395254	0	16.91711524	0	7.99152609	20.126535	37.77815385	3.369970802
103	Stn19	08/03/2022	03:26	-107.99994	-31.42986	11	60	28	lower	0.05	2_22_20704_SO289	2.087882423	1.018910893	0	1.155333983	3.967152531	0.979963862	0.210732203	0	10.12314572	2.576671497	0	0.294713598	0	9.787621747	0	1.822628757	5.513028622	23.22760977	1.628232118
104	Stn19	08/03/2022	03:26	-107.99994	-31.42986	14	30	28	lower	0.04	2_23_20707_SO289	0.837096477	0.359300157	0	0.343251401	2.186329236	0.638116003	0.154083761	0	6.277170508	2.657410558	0.199367133	0.243009458	0	7.420768794	0	1.072134563	3.572522158	16.3554921	1.313153547
105	Stn19	08/03/2022	03:26	-107.99994	-31.42986	17	5	28	upper	0.04	2_24_20710_SO289	0.628863522	0.235958312	0	0.682316809	1.256217706	0.583990092	0	0	5.328125597	2.864826445	0.164293285	0.287819713	0	6.436991283	0	0.973168296	3.08988337	14.66890133	1.009817035
106	Stn20	08/03/2022	22:23	-110.00026	-31.43022	2	225	22	lower	0.12	2_25_20737_SO289	5.382127762	11.51369309	0	0	13.74183071	0.760611486	0.403336904	0	22.68334504	1.31363144	0	0	0	2.418935292	0	26.37451026	13.59847222	35.98800048	4.712479495
107	Stn20	08/03/2022	22:23	-110.00026	-31.43022	5	150	22	lower	0.40	2_26_20740_SO289	21.87417775	23.94976868	0	2.758569183	32.08034066	4.361408931	0.913172878	0	50.59815369	2.519101992	0	0.522211815	0	31.17224427	0	89.86137078	87.1585942	85.74242828	17.46239806
108	Stn20	08/03/2022	22:23	-110.00026	-31.43022	8	100	22	lower	0.11	2_27_20743_SO289	4.154941551	2.78591689	0	1.356261632	8.050569003	2.729085406	0.224327829	0	15.75004471	2.576671497	0	0.31022484	0	23.36568037	0	5.236964982	17.62377922	36.3356749	3.283862372
109	Stn20	08/03/2022	22:23	-110.00026	-31.43022	11	60	22	lower	0.05	2_28_20746_SO289	1.50899481	0.734688381	0	1.222309866	3.343297237	0.874560772	0	0	8.673215994	3.125046184	0.201213125	0.203369618	0	10.83312647	0	1.525729955	5.483174677	21.82211746	1.802405986
110	Stn20	08/03/2022	22:23	-110.00026	-31.43022	14	30	22	lower	0.03	2_29_20749_SO289	0.68578053	0.351256124	0	0.619526918	1.948129942	0.655208396	0	0	5.667907108	2.959682266	0.27136082	0.15511242	0	6.155360858	0	1.171100831	1.920603834	13.67765938	1.189861932
111	Stn20	08/03/2022	22:23	-110.00026	-31.43022	17	5	22	upper	0.03	2_30_20752_SO289	0.624698863	0.244002345	0	0.657200852	1.729780589	0.603931217	0	0	5.087935218	3.364151357	0.361814426	0.112025637	0	5.190873102	0	1.377280554	2.21914329	12.30915371	1.240744186
112	Stn21	09/03/2022	14:43	-111.9995	-32.50038	2	225	20	lower	0.09	2_31_20779_SO289	3.595489013	7.507764476	0	0	10.39286206	0.427309823	0	0	20.44254455	0.830396501	0	0	0	1.344495932	0	19.85923099	10.12546322	30.18849537	3.598940943
113	Stn21	09/03/2022	14:43	-111.9995	-32.50038	5	150	20	lower	0.46	2_32_20782_SO289	20.40960597	23.29015794	0	3.168796467	30.32787442	4.409837378	1.300648219	0	47.75101896	2.564459784	0	0.63251398	0	32.00941964	0	88.98716875	83.67563388	88.52382359	16.57587264
114	Stn21	09/03/2022	14:43	-111.9995	-32.50038	8	100	20	lower	0.18	2_33_20785_SO289	7.743489466	5.526250923	0	2.231134104	11.04507442	2.290380653	0.539293164	0	25.12625694	2.454554364	0	0.358482038	0	29.17575462	0	11.4883342	30.99834686	48.85935112	5.417003008
115	Stn21	09/03/2022	14:43	-111.9995	-32.50038	11	60	20	lower	0.07	2_34_20788_SO289	2.197551779	0.976009382	0	1.0883581	4.018195237	0.979963862	0	0	10.43363572	2.354651227	0.086761623	0.33607691	0	13.28292537	0	1.682426545	7.836660722	24.30761965	1.755437752
116	Stn21	09/03/2022	14:43	-111.9995	-32.50038	14	30	20	lower	0.05	2_35_20791_SO289	1.206362916	0.410245702	0	0.795338611	2.410350001	0.623872342	0	0	7.193994759	2.176993819	0.123681462	0.205093089	0	15.51860799	0	1.072134563	7.876465983	17.45769396	1.996149952
117	Stn21	09/03/2022	14:43	-111.9995	-32.50038	17	5	20	upper	0.04	2_36_20794_SO289	0.583052272	0.128704534	0	0.632084896	1.863058765	0.333301662	0	0	4.853603141	2.253933361	0	0.179241019	0	9.017960517	0	0.775235761	4.592531966	13.35957428	1.332723645
118	Stn23	10/03/2022	14:11	-114.00026	-31.42984	2	225	31	lower	0.19	2_37_20821_SO289	7.637984769	12.62913239	0	0	17.69480471	0.737821628	0.335358774	0	21.32128984	1.601478967	0	0.130983822	0	5.235239539	0	39.78443948	24.515065	36.70554129	7.051106155
119	Stn23	10/03/2022	14:11	-114.00026	-31.42984	5	150	31	lower	0.31	2_38_20824_SO289	10.53658749	8.741182926	0	2.030206455	16.07561665	2.273288261	0.462251283	0	29.40867564	2.107392802	0	0.127536879	0	25.994874	0	29.49194768	57.40416175	53.09802003	8.397528868
120	Stn23	10/03/2022	14:11	-114.00026	-31.42984	8	90	31	lower	0.09	2_39_20827_SO289	3.441396627	2.426616732	0	1.670211083	5.909611061	2.016902366	0.201668452	0	13.77579697	1.910260859	0	0.377440223	0	16.14552503	0	3.587527192	10.89171449	32.82934145	2.806351992
121	Stn23	10/03/2022	14:11	-114.00026	-31.42984	11	50	31	lower	0.05	2_40_20830_SO289	0.87041375	0.292266546	0	1.230681851	1.854551648	0.743519093	0	0	5.626898995	1.550887583	0	0.294713598	0	6.217088074	0	1.072134563	2.353486045	15.34205817	1.301411488
122	Stn23	10/03/2022	14:11	-114.00026	-31.42984	14	25	31	upper	0.04	2_41_20833_SO289	1.46179534	0.742732414	0	1.117660048	3.266733178	1.082518219	0	0	8.491608634	1.976553017	0	0.311948312	0	10.40682289	0	1.459752444	5.000535889	22.92431932	1.686942411
123	Stn23	10/03/2022	14:11	-114.00026	-31.42984	17	5	31	upper	0.03	2_42_20836_SO289	0.580275833	0.182331423	0	0.481389159	1.023689824	0.743519093	0	0	4.677854084	1.570077419	0	0.205093089	0	4.97675682	0	0.742247005	1.995238698	13.1524491	1.05091424
124	Stn24	11/03/2022	07:16	-116.00024	-31.43018	2	225	24	lower	0.19	2_43_20859_SO289	7.95311064	12.51383457	0	0	20.06545483	1.749121544	0.412400655	0	23.76127259	1.346777519	0	0.093067452	0	6.103278519	0	44.43585405	30.23209559	45.95959856	8.722392487
125	Stn24	11/03/2022	07:16	-116.00024	-31.43018	5	190	24	lower	0.36	2_44_20862_SO289	15.98673802	17.85775408	0	1.0883581	29.26164901	2.911404264	0.419198468	0	35.31091483	1.847457763	0	0.289543184	0	17.83144963	0	81.38326054	70.5299465	66.06553593	16.54847451
126	Stn24	11/03/2022	07:16	-116.00024	-31.43018	8	110	24	lower	0.13	2_45_20865_SO289	4.710229429	3.676123249	0	1.779046893	8.390853709	2.353052761	0.314965335	0	18.02306586	2.603087821	0.258438876	0.458443375	0	21.2997476	0	5.665818807	18.41490878	40.42639725	3.665479275
127	Stn24	11/03/2022	07:16	-116.00024	-31.43018	11	50	24	lower	0.04	2_46_20868_SO289	1.314644052	0.630115947	0	0.883244458	2.66556353	0.740670361	0	0	7.024104003	2.517481645	0.129219438	0.14132465	0	7.642600978	0	1.270067098	3.31876362	19.09990077	1.477542367
128	Stn24	11/03/2022	07:16	-116.00024	-31.43018	14	25	24	lower	0.03	2_47_20871_SO289	0.696886288	0.281541168	0	0.807896589	1.304424706	0.791947539	0	0	4.546042291	2.071042362	0.036919839	0.199922675	0	5.20051798	0	0.511325715	1.771334106	12.54586821	0.947192722
129	Stn24	11/03/2022	07:16	-116.00024	-31.43018	17	5	24	upper	0.03	2_48_20874_SO289	0.465053598	0.142111256	0	0.686502801	1.321438942	0.723577968	0	0	4.206260779	2.339415354	0	0.160282834	0	4.535021428	0	0.445348203	1.482745965	11.05900529	0.816073069
130	Stn25	12/03/2022	06:57	-118.9999	-31.43	2	225	18	lower	0.06	2_49_20901_SO289	2.614017688	5.853374947	0	0	7.602527474	0.390276305	0.1744772	0	17.13260397	0.828651971	0	0	0	0.561331874	0	8.280177704	3.079932055	25.52817876	1.317067567
131	Stn25_1	12/03/2022	06:57	-118.9999	-31.43	4	190	18	lower	0.22	2_50_20903_SO289_1	9.432952836	15.97545027	0	0.707432765	21.21958713	1.732029151	0.3489544	0	25.83218232	1.545653992	0	0.148218535	0	7.353254651	0	53.97785166	32.57065466	46.83988059	7.761500697
132	Stn25_2	12/03/2022	06:57	-118.9999	-31.43	4	190	18	lower	0.22	2_50_20903_SO289_2	9.158085336	15.55984188	0	0.665572838	19.81307701	1.279080738	0.410134717	0	24.66930939	1.556121175	0	0.134430764	0	6.928880038	0	45.88735931	28.18710031	40.24146405	7.984599809
133	Stn25_3	12/03/2022	06:57	-118.9999	-31.43	4	190	18	lower	0.22	2_50_20903_SO289_3	9.258037154	15.56788591	0	0.611154933	20.17888307	1.75766774	0.464517221	0	24.95343703	1.479361834	0	0.174070605	0	7.12563554	0	45.05439322	26.2167399	37.62280996	6.833878072
134	Stn25	12/03/2022	06:57	-118.9999	-31.43	6	100	18	lower	0.24	2_51_20905_SO289	9.952147002	8.443553691	0	3.08089062	14.48478565	2.236254743	0.83386506	0.301892606	31.70513	3.904297088	0.921149993	0.267138057	0	33.98854852	0	23.5044885	47.30357682	56.59695616	8.988545814
135	Stn25	12/03/2022	06:57	-118.9999	-31.43	8	50	18	lower	0.06	2_52_20907_SO289	1.942119355	1.13152736	0	1.100916078	3.743131766	0.985661326	0	0	10.07335015	2.7772925	0	0.203369618	0	12.31072172	0	2.218493827	8.379007401	22.24376515	2.078344362
136	Stn25	12/03/2022	06:57	-118.9999	-31.43	10	25	18	lower	0.05	2_53_20909_SO289	1.532594545	0.820491403	0	0.82464056	3.201511942	0.860317111	0	0	8.348080237	2.866263554	0	0.248179872	0	15.59190906	0	2.251482583	8.787011324	19.6103164	2.137054655
137	Stn25	12/03/2022	06:57	-118.9999	-31.43	12	5	18	upper	0.04	2_54_20911_SO289	0.584440492	0.211826212	0	0.611154933	1.752466236	0.586838824	0	0	5.240251068	2.747635482	0	0.280925828	0	10.75018053	0	1.319550232	5.527955595	14.16588303	1.563650796
138	Stn26	13/03/2022	02:21	-121.99994	-31.42984	2	225	25	lower	0.12	2_55_20937_SO289	4.867098255	10.28295599	0	0.464645189	13.04991848	0.606779949	0	0	21.43552673	1.733931562	0.537183663	0	0	2.239540569	0	24.11478048	12.46402229	33.25098914	4.505036461
139	Stn26	13/03/2022	02:21	-121.99994	-31.42984	5	150	25	lower	0.45	2_56_20940_SO289	22.2795379	24.57184059	0	2.712523263	34.38293384	3.840090946	0.804407871	0	51.79617643	4.572571941	1.875527842	0.418803535	0	31.98241398	0	96.94570608	92.5920123	91.75645591	21.19245866
140	Stn26	13/03/2022	02:21	-121.99994	-31.42984	8	100	25	lower	0.13	2_57_20943_SO289	5.570925641	4.440306419	0	2.059508404	8.427717886	2.159338974	0.360284089	0	20.5890021	2.72421306	0.367352402	0.275755414	0	21.04898078	0	7.298762219	20.63902773	40.80366098	3.718318538
141	Stn26	13/03/2022	02:21	-121.99994	-31.42984	11	50	25	lower	0.06	2_58_20946_SO289	1.714451325	1.085944505	0	1.079986114	3.127783589	1.09676188	0.104233133	0	8.954414486	2.716233934	0	0.239562516	0	8.747903946	0	1.426763688	4.716923406	21.20074191	1.485370406
142	Stn26	13/03/2022	02:21	-121.99994	-31.42984	14	25	25	upper	0.04	2_59_20949_SO289	0.962036249	0.501411413	0	1.000452253	2.084243824	0.99135879	0.158615636	0	6.517360887	2.611562106	0	0.248179872	0	10.50905859	0	1.344291798	4.637312884	17.87194433	1.641931186
143	Stn26	13/03/2022	02:21	-121.99994	-31.42984	17	5	25	upper	0.03	2_60_20952_SO289	0.605263788	0.278859823	0	0.594410962	1.565309648	0.900199361	0	0	5.272471729	2.911621346	0	0.279202356	0	7.721688974	0	1.09687613	3.368520196	15.36425015	1.254443254
144	Stn27	13/03/2022	21:18	-125.0001	-31.42962	2	225	14	lower	0.15	2_61_20979_SO289	7.08408511	13.03669674	0	0.703246772	17.51615524	0.848922183	0.335358774	0.438687693	22.99676419	1.855439926	0.526107711	0.055151083	0	4.218669444	0	40.47720336	22.76363353	42.17216665	8.240968087
145	Stn27	13/03/2022	21:18	-125.0001	-31.42962	5	150	14	lower	0.40	2_62_20982_SO289	12.64806965	14.00734344	0	1.49439939	19.34518554	2.407178672	0.670717548	0	29.24757234	2.136171537	0.745780756	0.291266656	0	15.78094866	0	51.97378475	46.27859135	48.72619922	8.724349497
146	Stn27	13/03/2022	21:18	-125.0001	-31.42962	8	100	14	lower	0.19	2_63_20985_SO289	8.901264692	7.210135241	0	2.716709256	11.98652877	2.720539209	0.403336904	0.148587767	29.92713536	3.256687088	0.723628852	0.324012611	0	25.37374388	0	9.236851622	32.12782113	54.73282951	5.430702076
147	Stn27	13/03/2022	21:18	-125.0001	-31.42962	11	50	14	lower	0.07	2_64_20988_SO289	1.785250529	0.801721992	0	0.812082582	3.382997119	1.108156809	0.09743532	0	8.696649201	2.199852916	0	0.196475732	0	8.416120158	0	1.525729955	5.005511547	19.41058854	1.401218986
148	Stn27	13/03/2022	21:18	-125.0001	-31.42962	14	25	14	lower	0.04	2_65_20991_SO289	0.695498068	0.211826212	0	0.682316809	1.831866001	0.971417665	0	0	5.527307862	3.281461805	0	0.191305318	0	8.641810293	0	1.09687613	4.378578689	16.38508141	1.473628347
149	Stn27	13/03/2022	21:18	-125.0001	-31.42962	17	5	14	upper	0.04	2_66_20994_SO289	0.939824734	0.42097108	0	0.627898904	2.189164942	1.082518219	0	0	6.58766051	3.757718622	0	0.196475732	0	9.025676419	0	0.791730139	4.697020776	19.19606603	1.641931186
150	Stn28	14/03/2022	17:32	-128.00018	-31.43	2	225	22	lower	0.12	2_67_21021_SO289	4.811569467	9.966557342	0	0.539993057	13.72198077	0.638116003	0.249253143	0.278307246	19.08048936	1.554709825	0.450422041	0.034469427	0	2.264617251	0	25.86318454	13.23027356	33.28797578	4.324991563
151	Stn28	14/03/2022	17:32	-128.00018	-31.43	5	150	22	lower	0.43	2_68_21024_SO289	18.54106226	19.60062797	0	2.097182338	27.85513889	3.760326446	0.76588693	0	41.36546986	3.211888121	1.305116323	0.191305318	0	25.14805375	0	95.19730202	88.16367704	73.3888906	19.8362509
152	Stn28	14/03/2022	17:32	-128.00018	-31.43	8	100	22	lower	0.24	2_69_21027_SO289	3.788451551	2.319362954	0	1.523701339	6.062739179	2.090969403	0.233391579	0	15.30481377	2.956821659	0.251054908	0.330906496	0	12.93763876	0	3.076201478	9.269650111	35.92142453	2.747641699
153	Stn28	14/03/2022	17:32	-128.00018	-31.43	11	50	22	lower	0.09	2_70_21030_SO289	11.78320878	10.10598725	0	3.449257977	15.99338118	2.934194121	0.611803169	0	36.52944163	3.783907839	1.111287166	0.279202356	0	29.79302678	0	15.05111983	48.29870834	68.0406225	7.244850121
154	Stn28	14/03/2022	17:32	-128.00018	-31.43	14	25	22	lower	0.07	2_71_21033_SO289	1.883814128	0.619390569	0	1.15114799	2.898091413	1.313265524	0.113296883	0	8.32464703	2.953490077	0	0.282649299	0	13.70344204	0	1.599954656	8.344177798	22.5470556	2.369938816
155	Stn28	14/03/2022	17:32	-128.00018	-31.43	17	5	22	upper	0.06	2_72_21036_SO289	1.159163446	0.418289735	0	0.883244458	2.396171472	1.028392308	0.095169382	0	7.109049381	3.175045446	0	0.261967643	0	11.26714596	0	1.311303043	6.74201605	18.98894085	1.880686377
156	Stn29	15/03/2022	16:56	-131.00066	-31.43022	2	225	31	lower	0.09	2_73_21063_SO289	4.156329771	8.317530502	0	0.276275518	11.26342377	0.507074324	0.190338764	0.226419455	16.79575161	1.127804132	0.300896691	0.058598025	0	1.788160299	0	19.38914122	9.349260633	27.14819358	3.389540899
157	Stn29	15/03/2022	16:56	-131.00066	-31.43022	5	150	31	lower	0.35	2_74_21066_SO289	15.77295219	17.73441223	0	1.582305237	25.90700895	3.039597211	0.557420665	0.238212135	34.47317765	2.892328587	0.982067728	0.274031942	0	18.01084435	0	77.3091492	66.8330329	63.81674824	15.45842007
158	Stn29	15/03/2022	16:56	-131.00066	-31.43022	8	100	31	lower	0.21	2_75_21069_SO289	9.32328348	7.821481777	0	3.068332642	12.81171918	2.731934138	0.453187533	0	29.61371621	3.318030354	0.760548692	0.318842197	0	21.00654332	0	11.61204204	35.42668212	56.87805462	5.009944978
159	Stn29	15/03/2022	16:56	-131.00066	-31.43022	11	50	31	lower	0.09	2_76_21072_SO289	4.050825074	2.579453366	0	1.699513032	5.722454473	1.951381527	0.151817823	0	15.66802849	2.853367369	0.273206812	0.280925828	0	14.13360357	0	3.298875579	11.00615461	35.79566996	2.673275328
160	Stn29	15/03/2022	16:56	-131.00066	-31.43022	17	5	31	upper	0.05	2_78_21078_SO289	0.903731022	0.402201668	0	0.54417905	2.084243824	0.888804433	0	0	5.506803806	2.13704982	0	0.213710446	0	5.605602837	0	1.17934802	3.323739278	16.3037108	1.093968454
161	Stn30	16/03/2022	12:22	-134	-31.42994	2	225	29	lower	0.09	2_79_21105_SO289	4.415926854	9.564355674	0	0.397669306	11.6632583	0.626721074	0.126892509	0.169814591	19.94751804	1.391614393	0.339662523	0	0	1.303987446	0	19.0262649	8.777060009	27.87313172	3.512832514
162	Stn30	16/03/2022	12:22	-134	-31.42994	5	150	29	lower	0.41	2_80_21108_SO289	19.92928196	24.10260531	0	1.967416565	30.29384595	3.600797445	0.820269434	0.375007222	46.72581612	4.416821107	1.834916018	0.313671783	0	27.67501167	0	85.60582128	80.50613999	78.56702017	15.72848742
163	Stn30_1	16/03/2022	12:22	-134	-31.42994	8	100	29	lower	0.17	2_81_21111_SO289_1	6.312234959	5.169632111	0	2.5199676	9.009037592	2.37869135	0.394273153	0	20.95221682	3.371417215	0.557489575	0.32228914	0	20.91588147	0	7.570919454	24.92804458	46.98042982	4.477638324
164	Stn30_2	16/03/2022	12:22	-134	-31.42994	8	100	29	lower	0.17	2_81_21111_SO289_2	6.663454542	5.335875467	0	2.833917051	9.309622415	2.375842618	0.410134717	0	21.83096211	3.944860431	0.548259615	0.380887165	0	21.56980417	0	8.115233925	26.10727543	49.17003889	4.818158022
165	Stn30_3	16/03/2022	12:22	-134	-31.42994	8	100	29	lower	0.17	2_81_21111_SO289_3	5.600078255	4.593143053	0	1.925556638	8.076090356	2.130851653	0.335358774	0	18.743637	2.836592926	0.348892482	0.31022484	0	18.17673625	0	6.614245536	21.71376977	40.8628396	4.011870002
166	Stn30	16/03/2022	12:22	-134	-31.42994	11	50	29	lower	0.07	3_1_21114_SO289	2.414114052	1.40234315	0	1.205565895	4.208187531	1.250593417	0.172211262	0	11.07219063	2.840095597	0	0.315395254	0	10.88327984	0	2.070044426	6.582795007	24.95858451	1.85328824
167	Stn30	16/03/2022	12:22	-134	-31.42994	14	25	29	upper	0.05	3_2_21117_SO289	1.271609242	0.587214436	0	0.862314494	2.781827472	1.065425826	0.138222197	0	6.687251643	2.344648945	0	0.268861528	0	8.821205015	0	1.352538987	5.76678716	19.66209769	1.765222801
168	Stn30	16/03/2022	12:22	-134	-31.42994	17	5	29	upper	0.05	3_3_21120_SO289	1.123069734	0.324442679	0	0.615340925	2.484078354	1.005602451	0	0	6.028192677	2.245210709	0	0.222327802	0	9.835846134	0	0.923685162	5.403564155	16.12617493	1.430574132
169	Stn31	17/03/2022	18:21	-137.99998	-31.43002	2	225	31	lower	0.09	3_4_21147_SO289	3.991131627	7.829525811	0	0.514877101	10.32196942	0.623872342	0.226593766	0	15.07926914	0.821673849	0	0	0	1.446731634	0	17.83042251	8.936281052	23.94515058	3.641995158
170	Stn31	17/03/2022	18:21	-137.99998	-31.43002	5	135	31	lower	0.42	3_5_21150_SO289	22.80150851	28.98533357	0	1.506957369	45.8845569	5.426834757	0.677515361	0.712277868	52.86824568	4.881550682	1.561709207	0.125813408	0	25.62065275	0	79.84928339	71.05239055	91.74905858	14.91437136
171	Stn31	17/03/2022	18:21	-137.99998	-31.43002	8	100	31	lower	0.23	3_6_21153_SO289	9.296907306	7.328114398	0	2.758569183	12.871269	2.278985725	0.539293164	0	26.94525968	3.260866694	0.76793266	0.29643707	0	28.9481355	0	13.69033365	43.46734481	49.51771331	6.04324613
172	Stn31	17/03/2022	18:21	-137.99998	-31.43002	11	50	31	lower	0.08	3_7_21156_SO289	2.114258597	0.74005107	0	1.511143361	3.967152531	1.236349756	0	0	10.21102025	3.26227197	0	0.277478885	0	17.80830192	0	1.80613438	11.33952367	26.82271115	2.73589964
173	Stn31	17/03/2022	18:21	-137.99998	-31.43002	14	25	31	upper	0.05	3_8_21159_SO289	1.317420492	0.407564357	0	0.766036662	2.552135295	0.717880503	0	0	6.092633998	3.687937403	0	0.298160541	0	13.0996727	0	1.063887374	7.86153901	19.29962862	2.027462108
174	Stn31	17/03/2022	18:21	-137.99998	-31.43002	17	5	31	upper	0.05	3_9_21162_SO289	1.293820757	0.51749948	0	0.648828867	2.82436306	0.854619647	0	0	6.285957961	3.680959281	0	0.274031942	0	13.81725159	0	1.02265143	8.115297548	19.50675381	2.033333138
175	Stn32	18/03/2022	19:08	-140.99984	-31.4299	2	225	30	lower	0.09	3_10_21189_SO289	3.70238193	7.156508352	0	0.318135444	10.70478971	0.680846985	0	0	16.4559701	1.105226697	0.302742683	0	0	1.221041499	0	16.53561384	8.150127151	24.08569981	3.270163304
176	Stn32	18/03/2022	19:08	-140.99984	-31.4299	5	150	30	lower	0.37	3_11_21192_SO289	17.65954276	19.70788175	0	1.942300608	28.77674331	3.486848159	0.734163803	0.228777991	40.96710533	3.603762374	1.515559407	0.386057579	0	20.85801221	0	80.12144063	69.96769719	70.57790598	13.79691879
177	Stn32	18/03/2022	19:08	-140.99984	-31.4299	8	100	30	lower	0.26	3_12_21195_SO289	9.832760108	8.266584957	0	2.239506089	13.94600153	2.791757513	0.595941606	0.134436551	28.13742413	3.545830892	0.620253302	0.329183025	0	30.42380177	0	14.4738166	46.68161962	54.5700883	6.972825764
178	Stn32	18/03/2022	19:08	-140.99984	-31.4299	11	50	30	lower	0.08	3_13_21198_SO289	2.458537082	0.949195937	0	1.393935566	3.85088859	1.851675901	0.090637507	0	9.707206283	4.185128586	0	0.318842197	0	15.75008505	0	2.424673551	9.403992867	26.61558597	2.371895826
179	Stn32	18/03/2022	19:08	-140.99984	-31.4299	14	25	30	upper	0.05	3_14_21201_SO289	1.046717651	0.324442679	0	0.93347637	2.719441942	1.301870595	0	0	5.776285694	4.179894994	0	0.299884012	0	12.77560481	0	1.303055854	7.418705484	19.29962862	1.712383537
180	Stn32	18/03/2022	19:08	-140.99984	-31.4299	17	5	30	upper	0.05	3_15_21204_SO289	0.998129962	0.217188901	0	0.422785262	2.291250354	0.982812594	0	0	4.882894651	3.625134306	0	0.194752261	0	11.13404665	0	0.973168296	5.916056888	13.79601663	1.356207762
181	Stn33	23/03/2022	19:52	-152.00008	-26.1698	2	225	24	lower	0.03	3_16_21231_SO289	0.669121894	1.303133405	0	0	2.234536236	0.133890411	0	0	7.428326836	0.333205319	0	0	0	0	0	2.74631392	1.288695319	8.321993945	0.459897293
182	Stn33	23/03/2022	19:52	-152.00008	-26.1698	6	160	24	lower	0.34	3_17_21235_SO289	13.45323708	15.62955683	0	0.975336297	26.51385001	2.398632475	0.346688463	0.226419455	29.47604611	2.49116532	0.856540274	0	0	12.64636345	0	75.73393611	60.05618725	55.3394104	15.78915472
183	Stn33	23/03/2022	19:52	-152.00008	-26.1698	8	150	24	lower	0.40	3_18_21237_SO289	14.64710602	16.43664151	0	0.962778319	26.3153506	2.410027404	0.337624712	0.240570671	29.69573244	2.769586038	1.161128949	0	0	14.5097538	0	74.46386901	60.66321748	50.88621898	13.66775614
184	Stn33	23/03/2022	19:52	-152.00008	-26.1698	11	135	24	lower	0.53	3_19_21240_SO289	20.99127003	18.92761051	0	1.661839098	32.2448116	3.469755766	0.645792234	0.337270646	39.90968184	4.133601439	1.982595376	0.311948312	0	30.86360819	0	122.388284	117.7290345	75.85959814	22.44885892
185	Stn33	23/03/2022	19:52	-152.00008	-26.1698	14	75	24	lower	0.18	3_20_21243_SO289	7.388105223	5.526250923	0	2.281366016	10.05541306	2.9854713	0.351220338	0	21.94812815	3.509739392	0.407964225	0.37399328	0	33.71656297	0	9.146132543	31.06303041	47.57961338	4.659640232
186	Stn33	23/03/2022	19:52	-152.00008	-26.1698	17	50	24	lower	0.10	3_21_21246_SO289	2.934696438	1.807226163	0	1.239053836	4.514443766	2.119456724	0.210732203	0	10.85543346	2.601094923	0	0.370546337	0	24.32052325	0	2.870021754	13.10090646	26.30489819	2.65761925
187	Stn33	23/03/2022	19:52	-152.00008	-26.1698	20	25	24	lower	0.09	3_22_21249_SO289	2.397455415	0.898250393	0	1.402307551	3.031369589	1.831734776	0.129158447	0	8.459387974	3.586754636	0	0.410186178	0	29.36286524	0	2.498898251	14.47916362	26.14955431	3.561757758
188	Stn33	23/03/2022	19:52	-152.00008	-26.1698	23	5	24	upper	0.07	3_23_21252_SO289	1.563135378	0.662292081	0	0.93347637	2.050215354	1.236349756	0	0	7.71538363	3.694915525	0	0.346417739	0	26.13183126	0	1.674179356	12.50382755	21.00841138	3.436509133
189	Stn34	25/03/2022	00:56	-155.99866	-26.16858	2	225	21	lower	0.03	3_24_21279_SO289	1.218856893	2.697432522	0	0	3.173154884	0.190865054	0	0	7.979007216	0.352395154	0	0	0	0.314423008	0	4.15658323	1.388208471	10.11214731	0.718222581
190	Stn34	25/03/2022	00:56	-155.99866	-26.16858	5	150	21	lower	0.27	3_25_21282_SO289	12.74940969	18.91688514	0	0.958592326	24.56004866	2.344506564	0.385209403	0.37029015	29.94471027	1.789888257	0	0.168900191	0	9.731681457	0	68.98773555	47.24386893	55.99037526	13.20785885
191	Stn34	25/03/2022	00:56	-155.99866	-26.16858	8	100	21	lower	0.46	3_26_21285_SO289	18.59797927	17.46627778	0	2.658105358	24.28498519	3.011109889	0.736429741	0	40.91730977	2.370816902	0	0.225774745	0	31.88982316	0	60.80652411	84.56130094	73.53683716	15.05527606
192	Stn34	25/03/2022	00:56	-155.99866	-26.16858	11	50	21	lower	0.17	3_27_21288_SO289	7.801794693	5.705901002	0	2.109740316	9.559164533	3.18488255	0.358018151	0	23.6294608	2.555737131	0	0.39984535	0	32.62862078	0	6.944133094	27.60494837	53.5122704	5.898427408
193	Stn34_1	25/03/2022	00:56	-155.99866	-26.16858	14	25	21	lower	0.13	3_28_21291_SO289_1	3.92866174	2.222834554	0	1.82090682	4.307437237	2.150792778	0.215264078	0	14.50808471	3.201213403	0	0.358482038	0	34.88938008	0	3.587527192	22.40538618	34.06469522	4.663554251
194	Stn34_2	25/03/2022	00:56	-155.99866	-26.16858	14	25	21	lower	0.13	3_28_21291_SO289_2	3.996684505	2.088767331	0	1.49439939	4.443551119	1.959927723	0.27191252	0	14.47586405	2.227765404	0	0.330906496	0	35.09578046	0	3.84319005	22.10187107	34.96716923	5.080397329
195	Stn34_3	25/03/2022	00:56	-155.99866	-26.16858	14	25	21	lower	0.13	3_28_21291_SO289_3	3.998072725	2.276461443	0	1.410679537	4.661900472	2.316019243	0.206200327	0	14.71019612	2.902898694	0	0.303330955	0	35.55487663	0	5.319436871	22.19640856	35.08552647	4.726178563
196	Stn34	25/03/2022	00:56	-155.99866	-26.16858	17	5	21	upper	0.10	3_29_21294_SO289	3.029095377	1.646345496	0	1.067428136	3.198676237	1.737726615	0	0	11.30359356	2.065524071	0	0.380887165	0	27.60556855	0	2.738066731	17.48943647	27.61422524	4.068623285
197	Stn35	26/03/2022	02:52	-159.99968	-26.17006	2	200	14	lower	0.06	3_30_21321_SO289	1.803297385	4.263337685	0	0	4.443551119	0.150982804	0	0	9.707206283	0.425665433	0	0.236115573	0	0.563260849	0	10.45743559	4.846290504	12.834364	2.062688284
198	Stn35	26/03/2022	02:52	-159.99968	-26.17006	5	135	14	lower	0.34	3_31_21324_SO289	15.82709276	20.44257013	0	0.619526918	30.24280325	2.942740317	0.328560961	0.40566819	28.76133328	2.13704982	0	0.510147515	0	15.52825287	0	83.27186681	63.32519429	66.82006338	17.04751199
199	Stn35	26/03/2022	02:52	-159.99968	-26.17006	8	75	14	lower	0.36	3_32_21327_SO289	11.14740416	8.513268647	0	2.599501461	12.16801395	3.76602391	0.464517221	0	28.24873186	3.731550665	0	0.470507675	0	43.29971331	0	19.9994332	81.84956754	61.54576855	12.42701196
200	Stn35	26/03/2022	02:52	-159.99968	-26.17006	11	50	14	lower	0.23	3_33_21330_SO289	5.98461511	4.885409598	0	1.779046893	6.522123532	3.239008461	0.376145652	0	18.27790199	4.785247066	0	0.230945159	0	36.51936439	0	8.131728303	42.75085011	45.24945508	7.483605311
201	Stn35	26/03/2022	02:52	-159.99968	-26.17006	14	25	14	lower	0.12	3_34_21333_SO289	1.593676211	2.378352532	0	0.707432765	1.90843006	1.179375113	0.183540951	0	7.10612023	2.529569174	0	0.506700573	0	24.31087837	0	2.639100463	15.46931948	17.64262716	3.113602524
202	Stn35	26/03/2022	02:52	-159.99968	-26.17006	17	5	14	upper	0.11	3_35_21336_SO289	2.222539734	0.922382493	0	0.88743045	2.288414648	1.24204722	0.294571896	0	9.02764326	3.832733432	0	0.086173567	0	30.03221974	0	2.944246454	20.56936852	23.14623916	3.712447509
203	Stn36	27/03/2022	02:30	-163.99968	-26.1701	2	200	29	lower	0.06	3_36_21363_SO289	2.578756908	5.557890788	0	0	6.333832661	0.278036258	0	0	12.00014565	0.584766612	0	0	0	0.728381153	0	11.26236123	4.80449498	16.53450744	1.980493874
204	Stn36	27/03/2022	02:30	-163.99968	-26.1701	5	125	29	lower	0.45	3_37_21366_SO289	19.66552022	22.099641	0	1.142776004	31.44230684	3.21052114	0.414666592	0	38.22249088	2.306269275	0	0.189581847	0	22.31824667	0	95.88181871	82.96411485	74.53547644	20.10240422
205	Stn36	27/03/2022	02:30	-163.99968	-26.1701	8	75	29	lower	0.23	3_38_21369_SO289	8.291836246	7.019759785	0	1.938114616	10.28794095	2.917101728	0.48491066	0	22.37578419	3.120965002	0	0.39984535	0	35.8095014	0	18.83657956	45.920344	47.3724882	8.305549409
206	Stn36	27/03/2022	02:30	-163.99968	-26.1701	11	50	29	lower	0.11	3_39_21372_SO289	3.302574657	1.825995574	0	1.4316095	3.828202943	2.07387701	0.389741278	0	11.1219862	2.346393476	0	0.306777898	0	32.3990727	0	3.801954105	21.08683691	28.10244889	4.051010197
207	Stn36	27/03/2022	02:30	-163.99968	-26.1701	14	25	29	upper	0.09	3_40_21375_SO289	1.332690908	0.675698803	0	0.950220341	2.316771707	1.900104348	0	0	8.44767137	3.258782909	0	0.341247324	0	28.70508459	0	2.383437606	15.33995239	21.18594725	3.029451104
208	Stn36	27/03/2022	02:30	-163.99968	-26.1701	17	5	29	upper	0.07	3_41_21378_SO289	1.445136704	0.56576368	0	0.548365042	2.157972177	1.373088899	0.215264078	0	7.28772759	3.103519697	0	0.306777898	0	24.16620521	0	1.575213089	13.14568738	18.5524985	2.953127723
209	Stn37	28/03/2022	08:07	-167.99996	-26.1701	2	200	27	lower	0.09	3_42_21405_SO289	0.726316545	2.327406988	0	0	1.415584377	0	0	0	6.469908641	0.213530529	0	0.074453962	0	0	0	1.167801955	0.489604708	7.858921215	0.275546974
210	Stn37	28/03/2022	08:07	-167.99996	-26.1701	5	120	27	lower	0.03	3_43_21408_SO289	18.38696988	25.9232382	0	1.548817295	37.38878207	3.868578268	0.654855985	0.66982422	41.98644987	3.206446995	0	0.272308471	0	15.58226418	0	84.43472045	66.03195203	88.32409574	17.95752153
211	Stn37	28/03/2022	08:07	-167.99996	-26.1701	8	75	27	lower	0.42	3_44_21411_SO289	10.19230901	9.617982563	0	2.674849329	13.22006083	3.019656085	0.557420665	0	26.59083242	3.284950866	0	0.34814121	0	39.74461144	0	20.56024205	50.42331413	54.54789631	7.203752916
212	Stn37	28/03/2022	08:07	-167.99996	-26.1701	11	50	27	lower	0.27	3_45_21414_SO289	5.445985868	3.906718872	0	1.770674908	6.017367885	2.475548244	0.342156587	0	16.11911774	2.70227769	0	0.332629968	0	30.09780491	0	4.560695488	24.82853143	43.04505135	4.499165432
213	Stn37	28/03/2022	08:07	-167.99996	-26.1701	14	25	27	upper	0.16	3_46_21417_SO289	2.196163559	1.252187861	0	1.226495858	2.71377053	1.156585255	0	0	9.311770903	2.442342651	0	0.243009458	0	35.09385149	0	1.426763688	17.53421739	22.39910904	4.622457046
214	Stn37	28/03/2022	08:07	-167.99996	-26.1701	17	5	27	upper	0.17	3_47_21420_SO289	2.457148862	0.946514593	0	0.908360414	2.503928295	1.714936758	0	0	9.294195997	2.567948845	0	0.461890318	0	37.61695145	0	2.515392629	16.65352599	21.71115754	3.712447509
215	Stn38	29/03/2022	09:27	-172	-26.17006	2	180	15	lower	0.07	3_48_21447_SO289	2.823083574	5.853911216	0	0	7.622377415	0.749786303	0.157709261	0	10.23796844	0.552667251	0	0.115817274	0	1.262321575	0	16.28984761	7.483389032	16.85998987	3.007532595
216	Stn38	29/03/2022	09:27	-172	-26.17006	5	105	15	lower	0.56	3_49_21450_SO289	21.80754321	29.85408917	0	1.536259317	42.90706572	4.37280386	0.584611917	0.660390076	53.51558805	3.994974765	0	0.148218535	0	23.3637514	0	80.5173057	75.26179688	104.1099936	18.34109544
217	Stn38	29/03/2022	09:27	-172	-26.17006	8	75	15	lower	0.35	3_50_21453_SO289	12.36348461	12.02582988	0	2.871590986	15.64742506	2.660715834	0.618600982	0	32.30560594	3.41230159	0	0.370546337	0	37.20029274	0	23.84262325	73.06753188	63.70578832	9.544336585
218	Stn38	29/03/2022	09:27	-172	-26.17006	11	50	15	lower	0.22	3_51_21456_SO289	4.553360604	2.946797557	0	2.092996345	5.526790767	2.367296422	0.321763148	0	14.73948763	2.674365203	0	0.330906496	0	28.23827252	0	5.839009775	29.57530878	34.21264177	5.579434817
219	Stn38	29/03/2022	09:27	-172	-26.17006	14	25	15	lower	0.13	3_52_21459_SO289	2.464089961	1.069856438	0	1.113474056	2.608849413	1.284778202	0.185806888	0	10.0645627	2.714489404	0	0.256797229	0	42.43746126	0	6.284357978	21.35552243	24.34460629	4.726178563
220	Stn38	29/03/2022	09:27	-172	-26.17006	17	5	15	upper	0.11	3_53_21462_SO289	2.254468787	1.13152736	0	1.356261632	2.770484648	1.922894205	0.181275013	0	9.51681147	3.232614952	0	0.29643707	0	44.70014953	0	3.043212722	23.70403281	23.64186013	5.009944978
221	Stn39	30/03/2022	09:15	-175.39666	-26.16672	2	180	13	lower	0.09	3_54_21489_SO289	3.260650423	6.546770623	0	0	8.488969133	0.870572547	0	0	12.15480483	1.025783913	0	0	0	1.705214352	0	19.41718166	9.147248934	19.02000963	3.315957332
222	Stn39	30/03/2022	09:15	-175.39666	-26.16672	5	115	13	lower	0.60	3_55_21492_SO289	28.6153726	36.78268324	0	1.728814981	58.6112049	7.457980785	1.108043517	1.528331319	63.18764452	5.28941637	0	1.956139966	0	29.73901546	0	111.9803315	93.69660829	134.8384939	24.76595848
223	Stn39	30/03/2022	09:15	-175.39666	-26.16672	8	75	13	lower	0.39	3_56_21495_SO289	11.91786609	10.63689346	0	2.578571497	15.35534736	4.204728662	1.568028863	0	30.04137225	3.387878163	0	0.356758567	0	39.4089697	0	27.20747634	71.04243923	61.64933115	13.80083281
224	Stn39	30/03/2022	09:15	-175.39666	-26.16672	11	50	13	lower	0.20	3_57_21498_SO289	7.167378292	4.863958843	0	2.566013519	8.033554768	5.475263204	0.262848769	0	17.9849869	4.411917546	0	0.391227993	0	42.59370827	0	5.278200927	37.88465698	49.92456634	7.538401584
225	Stn39	30/03/2022	09:15	-175.39666	-26.16672	14	25	13	lower	0.15	3_58_21501_SO289	3.692664392	1.949337419	0	1.239053836	3.910438413	3.085176925	0.269646582	0	10.49514789	3.066884558	0	0.334353439	0	44.6557831	0	1.855617513	26.54015765	29.93698622	5.31719551
226	Stn39	30/03/2022	09:15	-175.39666	-26.16672	17	5	13	upper	0.12	3_59_21504_SO289	1.856049734	0.906294426	0	0.874872472	2.447214177	1.774760133	0	0	8.093244104	3.466382034	0	0.267138057	0	40.10532986	0	2.309212905	21.70879411	22.8133594	4.017741031
227	Stn40	30/03/2022	10:43	-177.1833	-25.875	2	150	19	lower	0.06	3_60_21531_SO289	1.932401817	4.485353006	0	0	5.29709859	0.608489189	0	0	9.642764962	0.41170919	0	0	0	1.012326349	0	9.309426884	4.545760785	14.9366846	1.858376465
228	Stn40	30/03/2022	10:43	-177.1833	-25.875	5	100	19	lower	0.34	3_61_21534_SO289	14.53188378	23.96585675	0	1.059056151	31.79109866	3.552368999	0.423730343	0.558973029	35.77372068	3.192490751	0	0.267138057	0	13.07073807	0	71.19798219	50.89102595	82.45061734	13.87128516
229	Stn40	30/03/2022	10:43	-177.1833	-25.875	8	80	19	lower	0.71	3_62_21537_SO289	38.96732687	52.05562126	0	3.40739805	68.93317432	7.529199088	0.861056312	1.110870449	107.7693221	9.746965834	0.544567631	3.571032608	0	48.37484788	0	102.4960642	110.9273106	198.8253807	28.57234245
230	Stn40	30/03/2022	10:43	-177.1833	-25.875	11	50	19	lower	0.28	3_63_21540_SO289	7.503327458	6.990264996	0	1.971602557	10.35316218	3.874275732	0.299103772	0	22.89131476	3.89844258	0.275052804	0.344694267	0	37.24465918	0	10.16878397	36.93430638	53.40131048	8.115719463
231	Stn40	30/03/2022	10:43	-177.1833	-25.875	14	25	19	lower	0.12	3_64_21543_SO289	2.334985529	1.359441639	0	1.15114799	3.289418825	2.085271938	0	0	8.389088351	2.851541062	0.239978956	0.234392102	0	39.81212559	0	3.340111524	20.11160802	24.67008872	5.166505759
232	Stn40	30/03/2022	10:43	-177.1833	-25.875	17	5	19	upper	0.18	3_65_21546_SO289	1.956001552	0.514818136	0	1.155333983	2.277071824	1.42721481	0	0	7.524988817	3.805170773	0.260284868	0.363652452	0	35.25395645	0	1.542224333	18.1661259	24.77365131	4.843599149
233	Stn41	31/03/2022	17:16	-178.71486	-25.71828	2	150	20	lower	0.19	3_66_21570_SO289	3.054083332	6.38374488	0	0	8.175907203	0.809039932	0.063446255	0	10.9222181	0.558249749	0	0	0	1.378060106	0	28.4626985	6.806699599	19.52302793	2.93238342
234	Stn41	31/03/2022	17:16	-178.71486	-25.71828	5	90	20	lower	0.64	3_67_21573_SO289	30.28817733	45.66061474	0	2.804615103	56.73963902	10.10730169	0.734163803	1.188702137	62.84786301	5.528417044	0	0.541169999	0	29.92419711	0	216.5711818	94.00509906	151.0682314	29.29643606
235	Stn41	31/03/2022	17:16	-178.71486	-25.71828	8	75	20	lower	0.76	3_68_21576_SO289	27.47564423	31.98575801	0	3.394840072	38.83499207	6.89678055	0.625398795	0.504726701	68.99029257	5.043437575	0	0.437761719	0	45.35407223	0	69.22690403	95.28384307	123.7868859	22.44298789
236	Stn41	31/03/2022	17:16	-178.71486	-25.71828	11	50	20	lower	0.23	3_69_21579_SO289	7.819841549	5.941859314	0	3.457629962	7.664913003	7.173107569	0.126892509	0	20.10569219	3.52569607	0	0.370546337	0	38.54478868	0	5.937976042	33.93398484	55.10269591	7.393582862
237	Stn41	31/03/2022	17:16	-178.71486	-25.71828	14	25	20	lower	0.20	3_70_21582_SO289	4.836557422	2.702795211	0	1.946486601	4.693093237	4.08223318	0.126892509	0	13.40672395	2.911621346	0	0.294713598	0	40.02238392	0	3.801954105	25.66941757	37.3417115	6.04520314
238	Stn41	31/03/2022	17:16	-178.71486	-25.71828	17	5	20	upper	1.18	3_71_21585_SO289	3.249822309	1.295089372	0	1.779046893	2.991669707	1.820339848	0	0	10.71776336	3.234359482	0	0.355035095	0	47.71706723	0	3.612268759	29.24691538	31.03179076	6.859319199
239	Stn42	01/04/2022	12:12	178.99976	-25.71844	2	150	28	lower	0.25	3_72_21612_SO289	9.261091238	14.86966381	0	0.445389622	19.92480382	2.026018309	0.222968266	0.301892606	21.65697054	1.776629826	0	0.220604331	0	7.989044979	0	158.3196368	43.87335847	50.75750547	17.20289857
240	Stn42	01/04/2022	12:12	178.99976	-25.71844	5	100	28	lower	0.57	3_73_21615_SO289	22.86536662	26.45950709	0	2.118112301	32.99343795	3.862880804	0.6979088	0.450480373	54.77805211	4.399705833	0	0.334353439	0	44.07323249	0	98.35597539	102.0557131	96.85321487	26.35309339
241	Stn42	01/04/2022	12:12	178.99976	-25.71844	8	75	28	lower	0.33	3_74_21618_SO289	11.6152342	11.54586923	0	1.950672594	15.78353895	3.552368999	0.396539091	0	33.02031878	3.680959281	0	0.387781051	0	47.28883467	0	30.34965533	66.26083228	67.33787634	13.99066275
242	Stn42	01/04/2022	12:12	178.99976	-25.71844	11	50	28	lower	0.19	3_75_21621_SO289	6.056802535	5.057015644	0	2.092996345	7.670584415	2.868673281	0.308167522	0	19.32360889	3.257038378	0	0.356758567	0	41.65236823	0	9.146132543	34.25740259	45.74507605	7.156784682
243	Stn42	01/04/2022	12:12	178.99976	-25.71844	14	25	28	upper	0.09	3_76_21624_SO289	1.894919885	0.970646693	0	1.234867844	2.194836354	1.179375113	0.20393439	0	8.872398259	3.145388429	0	0.189581847	0	38.51971199	0	2.614358896	17.61880357	22.1771892	4.491337392
244	Stn42	01/04/2022	12:12	178.99976	-25.71844	17	5	28	upper	0.10	3_77_21627_SO289	2.003201022	1.080581816	0	1.025568209	1.919772883	1.105308077	0	0	9.144809298	3.541396844	0	0.29643707	0	39.22764601	0	3.001976777	19.09657387	22.00705066	4.824029051
245	Stn43	02/04/2022	17:20	175.49948	-25.71884	2	150	27	lower	0.05	3_78_21654_SO289	2.105651635	6.07914415	0	0.328181827	4.312541508	0.376032645	0	0	15.64400945	0.650360957	0	0	0	0.243822505	0	3.905868686	0.636884173	18.35720904	0.757754178
246	Stn43	02/04/2022	17:20	175.49948	-25.71884	5	90	27	lower	0.61	3_79_21657_SO289	30.29928309	33.36933175	0	3.717161509	41.69905502	5.241667167	0.6979088	0.391516974	69.96277069	5.282438248	0	0.363652452	0	53.93608428	0	116.9368921	124.3566104	130.8439368	26.33156628
247	Stn43	02/04/2022	17:20	175.49948	-25.71884	8	75	27	lower	0.33	3_80_21660_SO289	14.20426393	13.31287522	0	3.512047867	15.89129577	3.660620821	0.577814104	0	39.28284353	3.904259181	0	0.368822866	0	46.8297385	0	42.15138271	64.62384093	74.48369514	12.82819896
248	Stn43	02/04/2022	17:20	175.49948	-25.71884	11	50	27	lower	0.17	3_81_21663_SO289	6.284470565	5.094554466	0	3.177168452	7.506113473	2.401481208	0.376145652	0	21.60834664	3.072118149	0	0.367099395	0	33.32112299	0	6.729706181	25.00267945	47.31330958	5.350464676
249	Stn43wdh	02/04/2022	17:20	175.49948	-25.71884	14	25	27	upper	0.14	5_5_21666_SO289 wdh	4.309033937	2.407847321	1.318018687	1.645095127	4.253558825	3.253252122	0	0	13.55318149	3.585010106	0	0.363652452	0	38.83027705	0	7.331750975	23.5298848	42.41627847	0
250	Stn43wdh	02/04/2022	17:20	175.49948	-25.71884	17	5	27	upper	0.13	5_6_21669_SO289 wdh	3.494148975	1.477420795	1.308433097	1.498585383	3.204347648	2.025448563	0	0	11.67852488	3.120965002	0	0.34814121	0	42.22527395	0	5.426650328	23.98266964	36.18772834	5.516810505
251	Stn44wdh	03/04/2022	15:57	171.99912	-25.83288	2	135	32	lower	0.18	5_7_21696_SO289 wdh	5.872724603	13.96873208	0	0	18.34361422	2.431677768	0.186713263	0.211324824	21.42498178	1.631484891	0	0.02343921	0	4.646516213	0	40.88626393	21.85706871	41.25933638	5.969662563
252	Stn44wdh	03/04/2022	15:57	171.99912	-25.83288	4	100	32	lower	0.54	5_8_21698_SO289_ wdh	18.19956022	36.03995083	5.137876483	1.611607186	49.2590469	6.876839425	1.706251061	1.075492409	52.466952	4.739889274	0	2.240512737	0	19.32833463	0	123.2212501	80.60565314	106.7878263	23.5682685
253	Stn44wdh	03/04/2022	15:57	171.99912	-25.83288	8	50	32	lower	0.31	5_10_21702_SO289 wdh	10.91557147	8.368476046	3.129695283	4.194364676	9.357829415	4.774475094	0.439591907	0	27.29968695	4.479954234	0	0.342970796	0	53.37475241	0	14.87792886	61.67825163	71.88723303	12.01799692
254	Stn44wdh	03/04/2022	15:57	171.99912	-25.83288	10	25	32	upper	0.27	5_11_21704_SO289 wdh	6.564890944	3.630540393	5.022849397	2.80042911	4.769657296	3.469755766	0	0	16.75767264	3.530929661	0	0.370546337	0	58.94370471	0	7.900807012	58.51870905	80.11306171	13.14719155
255	Stn1wdh	23/02/2022	16:33	-71.72918	-33.6076	18	15	7	lower	1.39	1_2_20018_SO289 wdh	108.8392006	40.61700582	74.71009199	7.451066989	9.068587415	319.6733276	2.959314589	7.948266272	19.98852615	39.13679645	0	3.76750834	0	14.03136787	0	35.28147432	0	624.7339348	16.29797726
256	Stn43	02/04/2022	17:20	175.49948	-25.71884	14	25	27	upper	0.14	5_5_21666_SO289	4.256281589	2.257692032	1.05441495	2.197646162	4.106102119	3.173487622	0	0	13.29541621	3.515228887	0	0.339523853	0	38.03361017	0	8.123481114	23.16168613	40.66311175	6.415077984
257	Stn43	02/04/2022	17:20	175.49948	-25.71884	17	5	27	upper	0.13	5_6_21669_SO289	3.024930718	1.640982807	0.925009479	1.243239829	3.088083707	2.056784617	0	0	11.67559573	3.157600142	0	0.387781051	0	42.24842166	0	3.191662123	25.06238734	37.94089506	6.859319199
258	Stn44	03/04/2022	15:57	171.99912	-25.83288	2	135	32	lower	0.18	5_7_21696_SO289	7.710727481	14.70878315	0	0	18.93797817	2.527395169	0	0	22.3740267	1.623111145	0	0	0	4.646516213	0	43.19547683	22.75666761	42.85715922	8.379132976
259	Stn44_1	03/04/2022	15:57	171.99912	-25.83288	4	100	32	lower	0.54	5_8_21698_SO289_1	24.29106824	40.48561994	1.308433097	1.318587697	51.83953926	7.230082212	0.731897865	1.169833849	50.38139652	4.720699438	0	0.279202356	0	19.53280603	0	151.764771	98.26923763	129.8600922	31.68203096
260	Stn44_2	03/04/2022	15:57	171.99912	-25.83288	4	100	32	lower	0.54	5_8_21698_SO289_2	39.20471244	49.90786435	10.04569879	4.696683799	52.55697284	13.44601578	1.987227331	2.728826135	97.71061774	9.137850576	0	0.611832324	0	49.81965054	0	116.5327798	159.370313	196.5839903	37.07946387
261	Stn44_3	03/04/2022	15:57	171.99912	-25.83288	4	100	32	lower	0.54	5_8_21698_SO289_3	39.5892493	50.90264315	10.11759072	4.968773324	53.71677655	13.91320785	2.043875773	2.853828543	99.70829869	9.174485716	0	0.613555796	0	50.80535703	0	118.677049	161.8929714	200.5119714	36.76829932
262	Stn44	03/04/2022	15:57	171.99912	-25.83288	6	75	32	lower	0.91	5_9_21700_SO289	39.11864282	50.39855039	10.05528439	4.679939828	53.0163572	13.49444422	1.975897643	2.759487103	98.38139331	9.169252124	0	0.604938439	0	50.16493716	0	116.4832967	161.2610629	199.0177112	36.65674976
263	Stn44	03/04/2022	15:57	171.99912	-25.83288	8	50	32	lower	0.31	5_10_21702_SO289	10.48522337	9.001273338	2.655208556	3.964135078	8.994859062	4.623492289	0.444123782	0	27.17080431	4.553224514	0	0.370546337	0	52.92144316	0	13.31096296	62.74304235	73.17436809	14.11395437
264	Stn44	03/04/2022	15:57	171.99912	-25.83288	10	25	32	upper	0.27	5_11_21704_SO289	6.553785186	3.686848627	4.270380547	2.528339585	4.914278296	3.569461392	0	0	16.96857151	3.567564801	0	0.287819713	0	60.40779713	0	7.892559823	61.46927401	83.92268561	15.97898467
265	Stn44	03/04/2022	15:57	171.99912	-25.83288	12	5	32	upper	0.28	5_12_21706_SO289	7.467233746	3.552781404	7.586994844	2.612059439	4.28475159	3.213369872	0	0	16.1571967	3.461148443	0	0.341247324	0	59.69407619	0	7.455458809	55.92639144	81.36321014	16.35277353
																														
																														
																														
																														
																														
																														
																														
																														
																														
																														
																														
																														
																														
																														
																														
																														
																														
																														
																														
																														
																														
																														
																														
																														
																														
																														
																														
																														
																														
																														
																														
																														
																														
																														
																														
																														
																														
																														
																														
																														
																														
																														
																														
																														
																														
																														
																														
																														
																														
																														
																														
																														
																														
																														
																														
																														
																														
																														
																														
																														
																														
																														
																														
																														
																														
																														
																														
																														
																														
																														
																														
																														
																														
																														
																														
																														
																														
																														
																														
																														
																														
																														
																														
																														
																														
																														
																														
																														
																														
																														
